9.804703595724004531e-03
1.559121072238419184e-02
2.201981535471330895e-02
2.909051668286362011e-02
3.230100016196955220e-02
3.455279397473274422e-02
3.840473760932944236e-02
4.739409135082603419e-02
4.963952057013281544e-02
5.413165208940718537e-02
5.413483479105927337e-02
6.408288224813733780e-02
6.889924684159376422e-02
7.564253320375768919e-02
7.821283608681567356e-02
9.394420149011983856e-02
9.875801749271137520e-02
1.096730239714933525e-01
1.221945497246517548e-01
1.385654680919987114e-01
1.433856575963718682e-01
